{
 "cells": [
  {
   "cell_type": "markdown",
   "metadata": {},
   "source": [
    "# 預測製造缺陷\n",
    "#### 使用XGBboost模型\n",
    "#### 資料來源:https://www.kaggle.com/datasets/rabieelkharoua/predicting-manufacturing-defects-dataset"
   ]
  },
  {
   "cell_type": "code",
   "execution_count": 88,
   "metadata": {},
   "outputs": [
    {
     "data": {
      "text/html": [
       "<div>\n",
       "<style scoped>\n",
       "    .dataframe tbody tr th:only-of-type {\n",
       "        vertical-align: middle;\n",
       "    }\n",
       "\n",
       "    .dataframe tbody tr th {\n",
       "        vertical-align: top;\n",
       "    }\n",
       "\n",
       "    .dataframe thead th {\n",
       "        text-align: right;\n",
       "    }\n",
       "</style>\n",
       "<table border=\"1\" class=\"dataframe\">\n",
       "  <thead>\n",
       "    <tr style=\"text-align: right;\">\n",
       "      <th></th>\n",
       "      <th>ProductionVolume</th>\n",
       "      <th>ProductionCost</th>\n",
       "      <th>SupplierQuality</th>\n",
       "      <th>DeliveryDelay</th>\n",
       "      <th>DefectRate</th>\n",
       "      <th>QualityScore</th>\n",
       "      <th>MaintenanceHours</th>\n",
       "      <th>DowntimePercentage</th>\n",
       "      <th>InventoryTurnover</th>\n",
       "      <th>StockoutRate</th>\n",
       "      <th>WorkerProductivity</th>\n",
       "      <th>SafetyIncidents</th>\n",
       "      <th>EnergyConsumption</th>\n",
       "      <th>EnergyEfficiency</th>\n",
       "      <th>AdditiveProcessTime</th>\n",
       "      <th>AdditiveMaterialCost</th>\n",
       "      <th>DefectStatus</th>\n",
       "    </tr>\n",
       "  </thead>\n",
       "  <tbody>\n",
       "    <tr>\n",
       "      <th>0</th>\n",
       "      <td>202</td>\n",
       "      <td>13175.403783</td>\n",
       "      <td>86.648534</td>\n",
       "      <td>1</td>\n",
       "      <td>3.121492</td>\n",
       "      <td>63.463494</td>\n",
       "      <td>9</td>\n",
       "      <td>0.052343</td>\n",
       "      <td>8.630515</td>\n",
       "      <td>0.081322</td>\n",
       "      <td>85.042379</td>\n",
       "      <td>0</td>\n",
       "      <td>2419.616785</td>\n",
       "      <td>0.468947</td>\n",
       "      <td>5.551639</td>\n",
       "      <td>236.439301</td>\n",
       "      <td>1</td>\n",
       "    </tr>\n",
       "    <tr>\n",
       "      <th>1</th>\n",
       "      <td>535</td>\n",
       "      <td>19770.046093</td>\n",
       "      <td>86.310664</td>\n",
       "      <td>4</td>\n",
       "      <td>0.819531</td>\n",
       "      <td>83.697818</td>\n",
       "      <td>20</td>\n",
       "      <td>4.908328</td>\n",
       "      <td>9.296598</td>\n",
       "      <td>0.038486</td>\n",
       "      <td>99.657443</td>\n",
       "      <td>7</td>\n",
       "      <td>3915.566713</td>\n",
       "      <td>0.119485</td>\n",
       "      <td>9.080754</td>\n",
       "      <td>353.957631</td>\n",
       "      <td>1</td>\n",
       "    </tr>\n",
       "    <tr>\n",
       "      <th>2</th>\n",
       "      <td>960</td>\n",
       "      <td>19060.820997</td>\n",
       "      <td>82.132472</td>\n",
       "      <td>0</td>\n",
       "      <td>4.514504</td>\n",
       "      <td>90.350550</td>\n",
       "      <td>1</td>\n",
       "      <td>2.464923</td>\n",
       "      <td>5.097486</td>\n",
       "      <td>0.002887</td>\n",
       "      <td>92.819264</td>\n",
       "      <td>2</td>\n",
       "      <td>3392.385362</td>\n",
       "      <td>0.496392</td>\n",
       "      <td>6.562827</td>\n",
       "      <td>396.189402</td>\n",
       "      <td>1</td>\n",
       "    </tr>\n",
       "    <tr>\n",
       "      <th>3</th>\n",
       "      <td>370</td>\n",
       "      <td>5647.606037</td>\n",
       "      <td>87.335966</td>\n",
       "      <td>5</td>\n",
       "      <td>0.638524</td>\n",
       "      <td>67.628690</td>\n",
       "      <td>8</td>\n",
       "      <td>4.692476</td>\n",
       "      <td>3.577616</td>\n",
       "      <td>0.055331</td>\n",
       "      <td>96.887013</td>\n",
       "      <td>8</td>\n",
       "      <td>4652.400275</td>\n",
       "      <td>0.183125</td>\n",
       "      <td>8.097496</td>\n",
       "      <td>164.135870</td>\n",
       "      <td>1</td>\n",
       "    </tr>\n",
       "    <tr>\n",
       "      <th>4</th>\n",
       "      <td>206</td>\n",
       "      <td>7472.222236</td>\n",
       "      <td>81.989893</td>\n",
       "      <td>3</td>\n",
       "      <td>3.867784</td>\n",
       "      <td>82.728334</td>\n",
       "      <td>9</td>\n",
       "      <td>2.746726</td>\n",
       "      <td>6.851709</td>\n",
       "      <td>0.068047</td>\n",
       "      <td>88.315554</td>\n",
       "      <td>7</td>\n",
       "      <td>1581.630332</td>\n",
       "      <td>0.263507</td>\n",
       "      <td>6.406154</td>\n",
       "      <td>365.708964</td>\n",
       "      <td>1</td>\n",
       "    </tr>\n",
       "    <tr>\n",
       "      <th>5</th>\n",
       "      <td>171</td>\n",
       "      <td>6975.931602</td>\n",
       "      <td>95.331919</td>\n",
       "      <td>1</td>\n",
       "      <td>3.914574</td>\n",
       "      <td>92.568436</td>\n",
       "      <td>19</td>\n",
       "      <td>3.027324</td>\n",
       "      <td>7.930009</td>\n",
       "      <td>0.074069</td>\n",
       "      <td>87.079118</td>\n",
       "      <td>7</td>\n",
       "      <td>1238.994421</td>\n",
       "      <td>0.118021</td>\n",
       "      <td>7.279442</td>\n",
       "      <td>171.711804</td>\n",
       "      <td>1</td>\n",
       "    </tr>\n",
       "    <tr>\n",
       "      <th>6</th>\n",
       "      <td>800</td>\n",
       "      <td>15889.698650</td>\n",
       "      <td>99.325486</td>\n",
       "      <td>3</td>\n",
       "      <td>4.789000</td>\n",
       "      <td>90.729911</td>\n",
       "      <td>10</td>\n",
       "      <td>3.559561</td>\n",
       "      <td>3.046889</td>\n",
       "      <td>0.040192</td>\n",
       "      <td>91.063158</td>\n",
       "      <td>8</td>\n",
       "      <td>3138.431150</td>\n",
       "      <td>0.333913</td>\n",
       "      <td>4.891669</td>\n",
       "      <td>188.727737</td>\n",
       "      <td>1</td>\n",
       "    </tr>\n",
       "    <tr>\n",
       "      <th>7</th>\n",
       "      <td>120</td>\n",
       "      <td>17266.779948</td>\n",
       "      <td>99.401489</td>\n",
       "      <td>4</td>\n",
       "      <td>0.743605</td>\n",
       "      <td>92.119681</td>\n",
       "      <td>13</td>\n",
       "      <td>1.604879</td>\n",
       "      <td>8.380972</td>\n",
       "      <td>0.009702</td>\n",
       "      <td>88.705569</td>\n",
       "      <td>3</td>\n",
       "      <td>1004.108554</td>\n",
       "      <td>0.293422</td>\n",
       "      <td>9.333835</td>\n",
       "      <td>312.526896</td>\n",
       "      <td>1</td>\n",
       "    </tr>\n",
       "    <tr>\n",
       "      <th>8</th>\n",
       "      <td>714</td>\n",
       "      <td>8202.670495</td>\n",
       "      <td>97.301422</td>\n",
       "      <td>5</td>\n",
       "      <td>3.185856</td>\n",
       "      <td>95.172937</td>\n",
       "      <td>2</td>\n",
       "      <td>3.494920</td>\n",
       "      <td>3.668747</td>\n",
       "      <td>0.058433</td>\n",
       "      <td>94.298961</td>\n",
       "      <td>4</td>\n",
       "      <td>4150.875773</td>\n",
       "      <td>0.366683</td>\n",
       "      <td>5.517451</td>\n",
       "      <td>215.680921</td>\n",
       "      <td>1</td>\n",
       "    </tr>\n",
       "    <tr>\n",
       "      <th>9</th>\n",
       "      <td>221</td>\n",
       "      <td>12587.790394</td>\n",
       "      <td>92.015843</td>\n",
       "      <td>2</td>\n",
       "      <td>2.425283</td>\n",
       "      <td>97.507284</td>\n",
       "      <td>0</td>\n",
       "      <td>2.633960</td>\n",
       "      <td>5.933418</td>\n",
       "      <td>0.032955</td>\n",
       "      <td>85.316362</td>\n",
       "      <td>6</td>\n",
       "      <td>3023.891555</td>\n",
       "      <td>0.317071</td>\n",
       "      <td>5.965972</td>\n",
       "      <td>364.638176</td>\n",
       "      <td>0</td>\n",
       "    </tr>\n",
       "  </tbody>\n",
       "</table>\n",
       "</div>"
      ],
      "text/plain": [
       "   ProductionVolume  ProductionCost  SupplierQuality  DeliveryDelay  \\\n",
       "0               202    13175.403783        86.648534              1   \n",
       "1               535    19770.046093        86.310664              4   \n",
       "2               960    19060.820997        82.132472              0   \n",
       "3               370     5647.606037        87.335966              5   \n",
       "4               206     7472.222236        81.989893              3   \n",
       "5               171     6975.931602        95.331919              1   \n",
       "6               800    15889.698650        99.325486              3   \n",
       "7               120    17266.779948        99.401489              4   \n",
       "8               714     8202.670495        97.301422              5   \n",
       "9               221    12587.790394        92.015843              2   \n",
       "\n",
       "   DefectRate  QualityScore  MaintenanceHours  DowntimePercentage  \\\n",
       "0    3.121492     63.463494                 9            0.052343   \n",
       "1    0.819531     83.697818                20            4.908328   \n",
       "2    4.514504     90.350550                 1            2.464923   \n",
       "3    0.638524     67.628690                 8            4.692476   \n",
       "4    3.867784     82.728334                 9            2.746726   \n",
       "5    3.914574     92.568436                19            3.027324   \n",
       "6    4.789000     90.729911                10            3.559561   \n",
       "7    0.743605     92.119681                13            1.604879   \n",
       "8    3.185856     95.172937                 2            3.494920   \n",
       "9    2.425283     97.507284                 0            2.633960   \n",
       "\n",
       "   InventoryTurnover  StockoutRate  WorkerProductivity  SafetyIncidents  \\\n",
       "0           8.630515      0.081322           85.042379                0   \n",
       "1           9.296598      0.038486           99.657443                7   \n",
       "2           5.097486      0.002887           92.819264                2   \n",
       "3           3.577616      0.055331           96.887013                8   \n",
       "4           6.851709      0.068047           88.315554                7   \n",
       "5           7.930009      0.074069           87.079118                7   \n",
       "6           3.046889      0.040192           91.063158                8   \n",
       "7           8.380972      0.009702           88.705569                3   \n",
       "8           3.668747      0.058433           94.298961                4   \n",
       "9           5.933418      0.032955           85.316362                6   \n",
       "\n",
       "   EnergyConsumption  EnergyEfficiency  AdditiveProcessTime  \\\n",
       "0        2419.616785          0.468947             5.551639   \n",
       "1        3915.566713          0.119485             9.080754   \n",
       "2        3392.385362          0.496392             6.562827   \n",
       "3        4652.400275          0.183125             8.097496   \n",
       "4        1581.630332          0.263507             6.406154   \n",
       "5        1238.994421          0.118021             7.279442   \n",
       "6        3138.431150          0.333913             4.891669   \n",
       "7        1004.108554          0.293422             9.333835   \n",
       "8        4150.875773          0.366683             5.517451   \n",
       "9        3023.891555          0.317071             5.965972   \n",
       "\n",
       "   AdditiveMaterialCost  DefectStatus  \n",
       "0            236.439301             1  \n",
       "1            353.957631             1  \n",
       "2            396.189402             1  \n",
       "3            164.135870             1  \n",
       "4            365.708964             1  \n",
       "5            171.711804             1  \n",
       "6            188.727737             1  \n",
       "7            312.526896             1  \n",
       "8            215.680921             1  \n",
       "9            364.638176             0  "
      ]
     },
     "execution_count": 88,
     "metadata": {},
     "output_type": "execute_result"
    }
   ],
   "source": [
    "import numpy as np \n",
    "import pandas as pd\n",
    "df = pd.read_csv(\"Manufacturing Defects.csv\")\n",
    "df.head(10)"
   ]
  },
  {
   "cell_type": "code",
   "execution_count": 89,
   "metadata": {},
   "outputs": [
    {
     "name": "stdout",
     "output_type": "stream",
     "text": [
      "<class 'pandas.core.frame.DataFrame'>\n",
      "RangeIndex: 3240 entries, 0 to 3239\n",
      "Data columns (total 17 columns):\n",
      " #   Column                Non-Null Count  Dtype  \n",
      "---  ------                --------------  -----  \n",
      " 0   ProductionVolume      3240 non-null   int64  \n",
      " 1   ProductionCost        3240 non-null   float64\n",
      " 2   SupplierQuality       3240 non-null   float64\n",
      " 3   DeliveryDelay         3240 non-null   int64  \n",
      " 4   DefectRate            3240 non-null   float64\n",
      " 5   QualityScore          3240 non-null   float64\n",
      " 6   MaintenanceHours      3240 non-null   int64  \n",
      " 7   DowntimePercentage    3240 non-null   float64\n",
      " 8   InventoryTurnover     3240 non-null   float64\n",
      " 9   StockoutRate          3240 non-null   float64\n",
      " 10  WorkerProductivity    3240 non-null   float64\n",
      " 11  SafetyIncidents       3240 non-null   int64  \n",
      " 12  EnergyConsumption     3240 non-null   float64\n",
      " 13  EnergyEfficiency      3240 non-null   float64\n",
      " 14  AdditiveProcessTime   3240 non-null   float64\n",
      " 15  AdditiveMaterialCost  3240 non-null   float64\n",
      " 16  DefectStatus          3240 non-null   int64  \n",
      "dtypes: float64(12), int64(5)\n",
      "memory usage: 430.4 KB\n"
     ]
    }
   ],
   "source": [
    "df.info()"
   ]
  },
  {
   "cell_type": "code",
   "execution_count": 90,
   "metadata": {},
   "outputs": [
    {
     "data": {
      "text/plain": [
       "ProductionVolume        0\n",
       "ProductionCost          0\n",
       "SupplierQuality         0\n",
       "DeliveryDelay           0\n",
       "DefectRate              0\n",
       "QualityScore            0\n",
       "MaintenanceHours        0\n",
       "DowntimePercentage      0\n",
       "InventoryTurnover       0\n",
       "StockoutRate            0\n",
       "WorkerProductivity      0\n",
       "SafetyIncidents         0\n",
       "EnergyConsumption       0\n",
       "EnergyEfficiency        0\n",
       "AdditiveProcessTime     0\n",
       "AdditiveMaterialCost    0\n",
       "DefectStatus            0\n",
       "dtype: int64"
      ]
     },
     "execution_count": 90,
     "metadata": {},
     "output_type": "execute_result"
    }
   ],
   "source": [
    "#檢查遺失值\n",
    "missing_values = df.isnull().sum()\n",
    "missing_values"
   ]
  },
  {
   "cell_type": "code",
   "execution_count": 91,
   "metadata": {},
   "outputs": [
    {
     "data": {
      "application/vnd.plotly.v1+json": {
       "config": {
        "plotlyServerURL": "https://plot.ly"
       },
       "data": [
        {
         "coloraxis": "coloraxis",
         "hovertemplate": "Features: %{x}<br>Features: %{y}<br>Correlation: %{z}<extra></extra>",
         "name": "0",
         "type": "heatmap",
         "x": [
          "ProductionVolume",
          "ProductionCost",
          "SupplierQuality",
          "DeliveryDelay",
          "DefectRate",
          "QualityScore",
          "MaintenanceHours",
          "DowntimePercentage",
          "InventoryTurnover",
          "StockoutRate",
          "WorkerProductivity",
          "SafetyIncidents",
          "EnergyConsumption",
          "EnergyEfficiency",
          "AdditiveProcessTime",
          "AdditiveMaterialCost",
          "DefectStatus"
         ],
         "xaxis": "x",
         "y": [
          "ProductionVolume",
          "ProductionCost",
          "SupplierQuality",
          "DeliveryDelay",
          "DefectRate",
          "QualityScore",
          "MaintenanceHours",
          "DowntimePercentage",
          "InventoryTurnover",
          "StockoutRate",
          "WorkerProductivity",
          "SafetyIncidents",
          "EnergyConsumption",
          "EnergyEfficiency",
          "AdditiveProcessTime",
          "AdditiveMaterialCost",
          "DefectStatus"
         ],
         "yaxis": "y",
         "z": [
          [
           1,
           0.0295839652701133,
           -0.02655870411321218,
           0.01619300208664175,
           -0.019359969862065382,
           0.01782616516434049,
           -0.0045537883053447924,
           0.0199049171686631,
           0.006946721174349937,
           -0.0026372266752093185,
           0.004753612069922312,
           -0.024194839038429602,
           -0.010212789545181419,
           0.009923399954277047,
           -0.04239337371232184,
           -0.0029801305853748095,
           0.12897325211169303
          ],
          [
           0.0295839652701133,
           1,
           -0.02410341935933537,
           0.01736470138132251,
           0.01442831128475883,
           -0.0016026927839391067,
           0.007332534253142701,
           -0.0040784199141430605,
           0.022748643377162613,
           0.00600573480608397,
           0.005030168584550393,
           -0.006958027615619396,
           -0.0067277350179358025,
           -0.0027783280663812374,
           0.011075073983504291,
           -0.002114459562963776,
           0.026720440794394847
          ],
          [
           -0.02655870411321218,
           -0.02410341935933537,
           1,
           0.014233410851404804,
           0.012157099323774977,
           -0.029329554964489683,
           -0.01962564030142694,
           0.006297650520765415,
           0.018228091630378595,
           -0.0013926991684102704,
           -0.01738914362123544,
           0.004552261136937731,
           -0.003581586319901835,
           -0.01161359979379791,
           -0.012506589930948686,
           -0.0024299414619521694,
           0.0381839491653982
          ],
          [
           0.01619300208664175,
           0.01736470138132251,
           0.014233410851404804,
           1,
           -0.023023837677811583,
           0.017267614211751225,
           0.01814430096673997,
           0.046246649841646635,
           0.006685375516703528,
           -0.0027667606292879955,
           -0.01386850635668514,
           0.0060298164991871,
           0.007233154492060055,
           0.029467559837045205,
           0.028084665371657574,
           -0.007600669987884794,
           0.0054246402065771665
          ],
          [
           -0.019359969862065382,
           0.01442831128475883,
           0.012157099323774977,
           -0.023023837677811583,
           1,
           -0.0363496050154533,
           -0.008686767456269097,
           -0.011207799225928858,
           -0.014147667345933035,
           0.007547135143346288,
           -0.00038755805369614994,
           0.012196208257796637,
           0.005297435225065022,
           -0.014168291882746169,
           -0.02842590441135356,
           0.011595658133714711,
           0.24574564599275253
          ],
          [
           0.01782616516434049,
           -0.0016026927839391067,
           -0.029329554964489683,
           0.017267614211751225,
           -0.0363496050154533,
           1,
           -0.013365777305916031,
           -0.0005048629317422686,
           -0.0006177455805821178,
           -0.035048987302817004,
           0.004591162566047051,
           0.0012929018188209348,
           -0.0016938093062899152,
           -0.004146941253040783,
           0.009986003818456005,
           -0.02122258098595338,
           -0.19921873116859531
          ],
          [
           -0.0045537883053447924,
           0.007332534253142701,
           -0.01962564030142694,
           0.01814430096673997,
           -0.008686767456269097,
           -0.013365777305916031,
           1,
           -0.020493817327743854,
           0.012757947205544792,
           0.019251282507740358,
           0.009621661547013903,
           0.009173761187097448,
           0.007016526891709394,
           -0.026486412413467133,
           -0.0018197380100783659,
           -0.000844540089571703,
           0.2971067854748803
          ],
          [
           0.0199049171686631,
           -0.0040784199141430605,
           0.006297650520765415,
           0.046246649841646635,
           -0.011207799225928858,
           -0.0005048629317422686,
           -0.020493817327743854,
           1,
           0.010176263361834753,
           0.0015779334225538618,
           -0.037814039648768914,
           0.0036731800590721763,
           0.003447297242498299,
           0.012884688869765758,
           -0.008030941313705988,
           0.002354587523792279,
           0.004128339856313508
          ],
          [
           0.006946721174349937,
           0.022748643377162613,
           0.018228091630378595,
           0.006685375516703528,
           -0.014147667345933035,
           -0.0006177455805821178,
           0.012757947205544792,
           0.010176263361834753,
           1,
           0.026002082255140037,
           0.0014686002416461916,
           -0.017555306065509306,
           0.026335930059368202,
           0.025029190731792442,
           0.019967432155694863,
           0.0001761488655359062,
           0.006733112291045277
          ],
          [
           -0.0026372266752093185,
           0.00600573480608397,
           -0.0013926991684102704,
           -0.0027667606292879955,
           0.007547135143346288,
           -0.035048987302817004,
           0.019251282507740358,
           0.0015779334225538618,
           0.026002082255140037,
           1,
           -0.03503414859511843,
           0.03172411224824932,
           -0.0006900498039160115,
           0.02585180734830786,
           0.0008703786648486902,
           -0.020563046779287174,
           0.040573923708591905
          ],
          [
           0.004753612069922312,
           0.005030168584550393,
           -0.01738914362123544,
           -0.01386850635668514,
           -0.00038755805369614994,
           0.004591162566047051,
           0.009621661547013903,
           -0.037814039648768914,
           0.0014686002416461916,
           -0.03503414859511843,
           1,
           -0.0007665533515621317,
           0.014571443118048368,
           -0.020734075661626734,
           -0.009681542866320099,
           -0.01626937263555354,
           -0.005224437399658086
          ],
          [
           -0.024194839038429602,
           -0.006958027615619396,
           0.004552261136937731,
           0.0060298164991871,
           0.012196208257796637,
           0.0012929018188209348,
           0.009173761187097448,
           0.0036731800590721763,
           -0.017555306065509306,
           0.03172411224824932,
           -0.0007665533515621317,
           1,
           0.03532564648777642,
           -0.012416821319574535,
           0.01770975082524711,
           -0.014899369522435436,
           -0.016038718923175155
          ],
          [
           -0.010212789545181419,
           -0.0067277350179358025,
           -0.003581586319901835,
           0.007233154492060055,
           0.005297435225065022,
           -0.0016938093062899152,
           0.007016526891709394,
           0.003447297242498299,
           0.026335930059368202,
           -0.0006900498039160115,
           0.014571443118048368,
           0.03532564648777642,
           1,
           -0.027379799465536717,
           -0.004861361740932531,
           0.024656609342564733,
           0.005038920541792603
          ],
          [
           0.009923399954277047,
           -0.0027783280663812374,
           -0.01161359979379791,
           0.029467559837045205,
           -0.014168291882746169,
           -0.004146941253040783,
           -0.026486412413467133,
           0.012884688869765758,
           0.025029190731792442,
           0.02585180734830786,
           -0.020734075661626734,
           -0.012416821319574535,
           -0.027379799465536717,
           1,
           -0.018838819100255325,
           0.006232463816624839,
           -0.0350307618813495
          ],
          [
           -0.04239337371232184,
           0.011075073983504291,
           -0.012506589930948686,
           0.028084665371657574,
           -0.02842590441135356,
           0.009986003818456005,
           -0.0018197380100783659,
           -0.008030941313705988,
           0.019967432155694863,
           0.0008703786648486902,
           -0.009681542866320099,
           0.01770975082524711,
           -0.004861361740932531,
           -0.018838819100255325,
           1,
           0.012948447901461557,
           0.0056189314891216795
          ],
          [
           -0.0029801305853748095,
           -0.002114459562963776,
           -0.0024299414619521694,
           -0.007600669987884794,
           0.011595658133714711,
           -0.02122258098595338,
           -0.000844540089571703,
           0.002354587523792279,
           0.0001761488655359062,
           -0.020563046779287174,
           -0.01626937263555354,
           -0.014899369522435436,
           0.024656609342564733,
           0.006232463816624839,
           0.012948447901461557,
           1,
           -0.0009525480271981984
          ],
          [
           0.12897325211169303,
           0.026720440794394847,
           0.0381839491653982,
           0.0054246402065771665,
           0.24574564599275253,
           -0.19921873116859531,
           0.2971067854748803,
           0.004128339856313508,
           0.006733112291045277,
           0.040573923708591905,
           -0.005224437399658086,
           -0.016038718923175155,
           0.005038920541792603,
           -0.0350307618813495,
           0.0056189314891216795,
           -0.0009525480271981984,
           1
          ]
         ]
        }
       ],
       "layout": {
        "coloraxis": {
         "cmax": 1,
         "cmin": -1,
         "colorbar": {
          "title": {
           "text": "Correlation"
          }
         },
         "colorscale": [
          [
           0,
           "rgb(103,0,31)"
          ],
          [
           0.1,
           "rgb(178,24,43)"
          ],
          [
           0.2,
           "rgb(214,96,77)"
          ],
          [
           0.3,
           "rgb(244,165,130)"
          ],
          [
           0.4,
           "rgb(253,219,199)"
          ],
          [
           0.5,
           "rgb(247,247,247)"
          ],
          [
           0.6,
           "rgb(209,229,240)"
          ],
          [
           0.7,
           "rgb(146,197,222)"
          ],
          [
           0.8,
           "rgb(67,147,195)"
          ],
          [
           0.9,
           "rgb(33,102,172)"
          ],
          [
           1,
           "rgb(5,48,97)"
          ]
         ]
        },
        "height": 800,
        "margin": {
         "t": 60
        },
        "template": {
         "data": {
          "bar": [
           {
            "error_x": {
             "color": "#2a3f5f"
            },
            "error_y": {
             "color": "#2a3f5f"
            },
            "marker": {
             "line": {
              "color": "#E5ECF6",
              "width": 0.5
             },
             "pattern": {
              "fillmode": "overlay",
              "size": 10,
              "solidity": 0.2
             }
            },
            "type": "bar"
           }
          ],
          "barpolar": [
           {
            "marker": {
             "line": {
              "color": "#E5ECF6",
              "width": 0.5
             },
             "pattern": {
              "fillmode": "overlay",
              "size": 10,
              "solidity": 0.2
             }
            },
            "type": "barpolar"
           }
          ],
          "carpet": [
           {
            "aaxis": {
             "endlinecolor": "#2a3f5f",
             "gridcolor": "white",
             "linecolor": "white",
             "minorgridcolor": "white",
             "startlinecolor": "#2a3f5f"
            },
            "baxis": {
             "endlinecolor": "#2a3f5f",
             "gridcolor": "white",
             "linecolor": "white",
             "minorgridcolor": "white",
             "startlinecolor": "#2a3f5f"
            },
            "type": "carpet"
           }
          ],
          "choropleth": [
           {
            "colorbar": {
             "outlinewidth": 0,
             "ticks": ""
            },
            "type": "choropleth"
           }
          ],
          "contour": [
           {
            "colorbar": {
             "outlinewidth": 0,
             "ticks": ""
            },
            "colorscale": [
             [
              0,
              "#0d0887"
             ],
             [
              0.1111111111111111,
              "#46039f"
             ],
             [
              0.2222222222222222,
              "#7201a8"
             ],
             [
              0.3333333333333333,
              "#9c179e"
             ],
             [
              0.4444444444444444,
              "#bd3786"
             ],
             [
              0.5555555555555556,
              "#d8576b"
             ],
             [
              0.6666666666666666,
              "#ed7953"
             ],
             [
              0.7777777777777778,
              "#fb9f3a"
             ],
             [
              0.8888888888888888,
              "#fdca26"
             ],
             [
              1,
              "#f0f921"
             ]
            ],
            "type": "contour"
           }
          ],
          "contourcarpet": [
           {
            "colorbar": {
             "outlinewidth": 0,
             "ticks": ""
            },
            "type": "contourcarpet"
           }
          ],
          "heatmap": [
           {
            "colorbar": {
             "outlinewidth": 0,
             "ticks": ""
            },
            "colorscale": [
             [
              0,
              "#0d0887"
             ],
             [
              0.1111111111111111,
              "#46039f"
             ],
             [
              0.2222222222222222,
              "#7201a8"
             ],
             [
              0.3333333333333333,
              "#9c179e"
             ],
             [
              0.4444444444444444,
              "#bd3786"
             ],
             [
              0.5555555555555556,
              "#d8576b"
             ],
             [
              0.6666666666666666,
              "#ed7953"
             ],
             [
              0.7777777777777778,
              "#fb9f3a"
             ],
             [
              0.8888888888888888,
              "#fdca26"
             ],
             [
              1,
              "#f0f921"
             ]
            ],
            "type": "heatmap"
           }
          ],
          "heatmapgl": [
           {
            "colorbar": {
             "outlinewidth": 0,
             "ticks": ""
            },
            "colorscale": [
             [
              0,
              "#0d0887"
             ],
             [
              0.1111111111111111,
              "#46039f"
             ],
             [
              0.2222222222222222,
              "#7201a8"
             ],
             [
              0.3333333333333333,
              "#9c179e"
             ],
             [
              0.4444444444444444,
              "#bd3786"
             ],
             [
              0.5555555555555556,
              "#d8576b"
             ],
             [
              0.6666666666666666,
              "#ed7953"
             ],
             [
              0.7777777777777778,
              "#fb9f3a"
             ],
             [
              0.8888888888888888,
              "#fdca26"
             ],
             [
              1,
              "#f0f921"
             ]
            ],
            "type": "heatmapgl"
           }
          ],
          "histogram": [
           {
            "marker": {
             "pattern": {
              "fillmode": "overlay",
              "size": 10,
              "solidity": 0.2
             }
            },
            "type": "histogram"
           }
          ],
          "histogram2d": [
           {
            "colorbar": {
             "outlinewidth": 0,
             "ticks": ""
            },
            "colorscale": [
             [
              0,
              "#0d0887"
             ],
             [
              0.1111111111111111,
              "#46039f"
             ],
             [
              0.2222222222222222,
              "#7201a8"
             ],
             [
              0.3333333333333333,
              "#9c179e"
             ],
             [
              0.4444444444444444,
              "#bd3786"
             ],
             [
              0.5555555555555556,
              "#d8576b"
             ],
             [
              0.6666666666666666,
              "#ed7953"
             ],
             [
              0.7777777777777778,
              "#fb9f3a"
             ],
             [
              0.8888888888888888,
              "#fdca26"
             ],
             [
              1,
              "#f0f921"
             ]
            ],
            "type": "histogram2d"
           }
          ],
          "histogram2dcontour": [
           {
            "colorbar": {
             "outlinewidth": 0,
             "ticks": ""
            },
            "colorscale": [
             [
              0,
              "#0d0887"
             ],
             [
              0.1111111111111111,
              "#46039f"
             ],
             [
              0.2222222222222222,
              "#7201a8"
             ],
             [
              0.3333333333333333,
              "#9c179e"
             ],
             [
              0.4444444444444444,
              "#bd3786"
             ],
             [
              0.5555555555555556,
              "#d8576b"
             ],
             [
              0.6666666666666666,
              "#ed7953"
             ],
             [
              0.7777777777777778,
              "#fb9f3a"
             ],
             [
              0.8888888888888888,
              "#fdca26"
             ],
             [
              1,
              "#f0f921"
             ]
            ],
            "type": "histogram2dcontour"
           }
          ],
          "mesh3d": [
           {
            "colorbar": {
             "outlinewidth": 0,
             "ticks": ""
            },
            "type": "mesh3d"
           }
          ],
          "parcoords": [
           {
            "line": {
             "colorbar": {
              "outlinewidth": 0,
              "ticks": ""
             }
            },
            "type": "parcoords"
           }
          ],
          "pie": [
           {
            "automargin": true,
            "type": "pie"
           }
          ],
          "scatter": [
           {
            "fillpattern": {
             "fillmode": "overlay",
             "size": 10,
             "solidity": 0.2
            },
            "type": "scatter"
           }
          ],
          "scatter3d": [
           {
            "line": {
             "colorbar": {
              "outlinewidth": 0,
              "ticks": ""
             }
            },
            "marker": {
             "colorbar": {
              "outlinewidth": 0,
              "ticks": ""
             }
            },
            "type": "scatter3d"
           }
          ],
          "scattercarpet": [
           {
            "marker": {
             "colorbar": {
              "outlinewidth": 0,
              "ticks": ""
             }
            },
            "type": "scattercarpet"
           }
          ],
          "scattergeo": [
           {
            "marker": {
             "colorbar": {
              "outlinewidth": 0,
              "ticks": ""
             }
            },
            "type": "scattergeo"
           }
          ],
          "scattergl": [
           {
            "marker": {
             "colorbar": {
              "outlinewidth": 0,
              "ticks": ""
             }
            },
            "type": "scattergl"
           }
          ],
          "scattermapbox": [
           {
            "marker": {
             "colorbar": {
              "outlinewidth": 0,
              "ticks": ""
             }
            },
            "type": "scattermapbox"
           }
          ],
          "scatterpolar": [
           {
            "marker": {
             "colorbar": {
              "outlinewidth": 0,
              "ticks": ""
             }
            },
            "type": "scatterpolar"
           }
          ],
          "scatterpolargl": [
           {
            "marker": {
             "colorbar": {
              "outlinewidth": 0,
              "ticks": ""
             }
            },
            "type": "scatterpolargl"
           }
          ],
          "scatterternary": [
           {
            "marker": {
             "colorbar": {
              "outlinewidth": 0,
              "ticks": ""
             }
            },
            "type": "scatterternary"
           }
          ],
          "surface": [
           {
            "colorbar": {
             "outlinewidth": 0,
             "ticks": ""
            },
            "colorscale": [
             [
              0,
              "#0d0887"
             ],
             [
              0.1111111111111111,
              "#46039f"
             ],
             [
              0.2222222222222222,
              "#7201a8"
             ],
             [
              0.3333333333333333,
              "#9c179e"
             ],
             [
              0.4444444444444444,
              "#bd3786"
             ],
             [
              0.5555555555555556,
              "#d8576b"
             ],
             [
              0.6666666666666666,
              "#ed7953"
             ],
             [
              0.7777777777777778,
              "#fb9f3a"
             ],
             [
              0.8888888888888888,
              "#fdca26"
             ],
             [
              1,
              "#f0f921"
             ]
            ],
            "type": "surface"
           }
          ],
          "table": [
           {
            "cells": {
             "fill": {
              "color": "#EBF0F8"
             },
             "line": {
              "color": "white"
             }
            },
            "header": {
             "fill": {
              "color": "#C8D4E3"
             },
             "line": {
              "color": "white"
             }
            },
            "type": "table"
           }
          ]
         },
         "layout": {
          "annotationdefaults": {
